abba
1.0 2.1 3 4 5

1.5 2.6 2 4 4.5

FRST GEN: 01010  00010  10100  01101  11101  11110  01111  11110  10111  11000
GEN: 0 : 01010  00010  10100  01101  11101  11110  01111  11110  10111  11000
GEN: 1 : 11110  11110  00010  11000  11100  11010  01110  11101  10111  11111
GEN: 2 : 11010  11010  11111  10111  11000  11000  10111  10111  00111  11110
GEN: 3 : 10000  11111  11000  11000  11110  11000  00111  11000  11110  11110
GEN: 4 : 11010  11100  11110  11110  11110  00110  11110  11111  11000  11000
GEN: 5 : 11110  11110  11000  11000  11000  11111  11111  11110  11111  01111
GEN: 6 : 11111  01111  11111  11111  11111  11110  11000  11111  11110  11111
GEN: 7 : 11111  11110  01111  11111  11110  11111  11110  11111  11111  11111
GEN: 8 : 11111  11111  11111  11111  11110  11111  11110  11111  11111  11111
..

Leader: 10111
GEN 0 : 11100  11111  11001  00001  11100  11011  01011  00011  10001  10111
GEN 1 : 10011  01001  11001  10001  11100  10001  11101  10001  11111  10111
GEN 2 : 10111  10111  10001  11001  10100  11111  10011  10101  10001  10001
GEN 3 : 10001  10001  10001  10001  10101  10000  11001  10001  10001  10001
GEN 4 : 10001  10001  10001  10001  10001  10001  10001  10001  10001  10001
GEN 5 : 10001  10001  10001  10001  10001  10001  10001  10001  10001  10001
GEN 6 : 10001  10001  10001  10001  10001  10001  10001  10001  10001  10001
GEN 7 : 10001  10001  10001  10001  10001  10001  10001  10001  10001  10001
GEN 8 : 10001  10001  10001  10001  10001  10001  10001  10001  10001  10001
GEN 9 : 10001  10001  10001  10001  10001  10001  10001  10001  10001  10001

Leader: 01010(6.1)
GEN 0 : 01010(6.1) 01111(0) 00101(8) 01110(9.1) 01100(5.1) 00001(5) 11010(7.1) 01010(6.1) 11101(11.1) 01010(6.1)
GEN 1 : 00001(7.1) 01111(12) 11110(10.1) 01110(9.1) 11100(6.1) 01010(6.1) 01000(6.1) 01010(6.1) 10001(5) 00001(5)
GEN 2 : 01010(4) 01011(7.1) 01101(6) 10001(6) 01110(9.1) 00001(5) 00001(5) 01011(7.1) 10001(5) 00001(5)
GEN 3 : 00001(5) 10101(5) 00001(5) 00101(5) 00101(5) 11101(10.1) 00011(5) 01011(7.1) 01101(10.1) 10010(5)
GEN 4 : 01101(5) 00101(8) 01111(11.1) 00000(9) 10110(5) 10010(5) 11101(11.1) 10010(5) 00001(5) 01101(10.1)
GEN 5 : 00100(8) 00001(8) 00010(5) 10000(5) 00100(8) 01001(7.1) 01110(9.1) 10101(13) 01010(4) 10010(5)
GEN 6 : 10001(6) 10100(4) 11110(10.1) 00010(4) 00000(3) 01011(7.1) 00001(8) 10101(13) 10110(8) 01101(10.1)
GEN 7 : 00101(8) 10101(13) 10110(8) 01000(0) 10110(13) 01000(6.1) 01101(10.1) 01101(10.1) 00011(9) 01000(7.1)
GEN 8 : 11101(10.1) 01101(10.1) 10110(8) 11110(13) 01000(2.1) 01000(2.1) 10101(9) 10111(8) 00011(9) 01011(9)
GEN 9 : 00100(8) 10001(10) 11010(6.1) 11110(13) 10110(8) 10100(8) 10110(8) 10100(8) 10000(3.1) 01000(2.1)


FIN CUR LEADER POS: 0
00101(8) 11110(10.1) 10011(10) 11001(8.1) 01100(5.1) 11101(11.1) 11001(8.1) 11000(3.1) 01010(6.1) 10110(8)
0. 00101(8)
1. 00101(8)      11110(10.1)00101(8)
2. 11110(10.1)      10011(10)11110(10.1)
3. 10011(10)      11001(8.1)10011(10)
4. 11001(8.1)      01100(5.1)11001(8.1)
5. 01100(5.1)      11101(11.1)01100(5.1)
6. 11101(11.1)      11001(8.1)11101(11.1)
7. 11001(8.1)      11000(3.1)11001(8.1)
8. 11000(3.1)      01010(6.1)11000(3.1)
9. 01010(6.1)      10110(8)01010(6.1)